1.32916e-08
1.39275e-08
1.42485e-08
2.07472e-08
1.449e-08
1.18489e-08
1.69978e-08
1.88983e-08
1.53754e-08
1.65727e-08
1.44475e-08
1.51406e-08
2.09455e-08
1.36587e-08
1.23527e-08
3.50971e-08
1.10357
1.70013e-08
1.7196e-08
1.58001e-08
1.63742e-08
1.33313e-08
1.84292e-08
1.18839
1.76163e-08
3.52453e-08
0.925776
1.50252e-08
1.58573e-08
2.34573e-08
1.61895e-08
-nan
1.49264e-08
2.46065e-08
1.837e-08
1.6804e-08
1.46127e-08
1.79034e-08
1.60146e-08
1.56509e-08
1.59e-08
1.53165e-08
1.84943e-08
1.43554e-08
1.41334e-08
1.5583e-08
1.1793e-08
1.88086e-08
3.55504e-08
1.97271e-08
1.33654e-08
1.00178e-07
2.01396e-08
2.30286e-08
2.50261e-08
1.51696e-08
1.46512e-08
2.18896e-07
1.58347e-08
1.48989e-08
1.75122e-08
1.48235e-08
2.27389e-08
1.7036e-08
1.68261e-08
2.17055e-08
1.42282e-08
1.5685e-08
1.38175e-08
2.35232e-08
1.47085e-08
1.66489e-08
1.52971e-08
1.35821e-08
1.60976e-08
1.50406e-08
1.38882e-08
1.83156e-08
1.84667e-08
1.66321e-08
1.77689e-08
1.36473e-08
1.56158e-08
1.94476e-08
1.61884e-08
0.627951
6.1394e-08
1.91686e-08
1.40759e-08
1.32461e-08
1.67836e-08
1.66933e-08
1.81727e-08
1.32965e-08
1.70187e-08
1.22831e-08
1.61164e-08
1.44033e-08
1.41974e-08
1.43708e-08
1.32917e-08
1.41219e-08
2.08323e-08
1.05195e-08
1.38862e-08
1.74615e-08
1.30399e-08
2.0576e-08
1.90493e-08
1.97968e-08
1.9224e-08
1.76487e-08
1.26851e-08
2.10391e-08
1.67853e-08
1.51822e-08
1.49667e-08
1.6929e-08
1.74669e-08
1.93685e-08
1.42568e-08
1.47907e-08
1.91223e-08
1.51748e-08
1.50262e-08
1.58822e-08
1.40295e-08
1.33621e-08
1.30212e-08
1.47477e-08
1.56763e-08
3.054e-08
1.42916e-08
2.58131e-08
1.80469e-08
1.84571e-08
2.0057e-08
1.58456e-08
1.94813e-08
1.38555e-08
1.66521e-08
1.66275e-08
1.3674e-08
1.4254e-08
1.85654e-08
1.47768e-08
1.77841e-08
1.32593e-08
1.0384e-08
1.51433e-08
1.4492e-08
2.05909e-08
1.21831e-08
1.92342e-08
1.88673e-08
1.50521e-08
5.186e-08
1.88407e-08
1.57196e-08
3.25599e-08
1.47075e-08
1.72443e-08
1.81258e-08
2.16118e-08
1.62128e-08
1.89784e-08
1.8364e-08
1.61193e-08
1.7843e-08
1.59062e-08
1.85663e-08
2.22352e-08
1.50381e-08
1.30386e-08
0.767136
1.92103e-08
1.53902e-08
-nan
1.53282e-08
1.3101e-08
1.60029e-08
1.62734e-08
1.72939e-08
5.46888e-08
1.82241e-08
1.79751e-08
1.55316e-08
1.95252e-08
1.35431e-08
1.93844e-08
1.56547e-08
1.63795e-08
1.51569e-08
1.47243e-08
1.26377e-08
1.37597e-08
1.67768e-08
1.76118e-08
1.36087e-08
1.78076e-08
1.83426e-08
1.64144e-08
1.66215e-08
1.50683e-08
1.39585e-08
2.79443e-08
2.07981e-08
-nan
-nan
1.61163e-08
1.56495e-08
1.33102e-08
1.74649e-08
1.77258e-08
1.75737e-08
1.76208e-08
1.49757e-08
1.76652e-08
1.80412e-08
1.90867e-08
1.48996e-08
0.34134
1.38468e-08
1.25999e-08
1.1767e-08
1.39931e-08
1.5839e-08
1.41176e-08
1.79638e-08
1.49145e-08
1.44561e-08
1.9004e-08
1.73011e-08
1.58034e-08
2.08102e-08
1.78953e-08
1.41268e-08
1.53349e-08
-nan
1.74105e-08
2.00871e-08
1.32953e-08
1.78939e-08
1.75742e-08
1.40294e-08
-nan
1.80714e-08
1.341e-08
-nan
1.73359e-08
1.45733e-08
1.8387e-08
1.36514e-08
1.67828e-08
1.85884e-08
1.46618e-08
1.78403e-08
1.25969e-08
1.64847e-08
1.4924e-08
1.93136e-08
1.50141e-08
1.65182e-08
1.80776e-08
1.98118e-08
1.66328e-08
1.34333e-08
1.29575e-08
1.96473e-08
1.58242e-08
1.38264e-08
1.40169e-08
1.35805e-08
1.59803e-08
1.37877e-08
1.25738e-08
1.28961e-08
1.46825e-08
1.74415e-08
4.7683e-08
1.76294e-08
1.73535e-08
2.0312e-08
1.67156e-08
1.8773e-08
1.36188e-08
1.28385e-08
1.73535e-08
1.79663e-08
1.67187e-08
1.64127e-08
1.95874e-08
3.37376e-08
1.47398e-08
1.39174e-08
-nan
1.36421e-08
1.61059e-08
1.60189e-08
1.89793e-08
1.57033e-08
0.62567
1.3763e-08
1.192e-08
1.4067e-08
1.69131e-08
1.86438e-08
1.40296
1.57484e-08
1.31114e-08
1.23414e-08
1.67458e-08
1.30766e-08
1.55839e-08
3.02646e-07
2.15212e-08
1.21128e-08
1.60681e-08
1.68417e-08
1.5962e-08
1.68248e-08
1.63904e-08
1.43891e-08
1.57742e-08
2.40995e-08
1.70932e-08
1.45552e-08
1.4494e-08
1.70779e-08
1.3397e-08
1.42066e-08
1.46868e-08
1.63146e-08
1.77339e-08
2.02195e-08
1.59793e-08
1.18777e-08
1.21212e-08
2.03705e-08
1.42456e-08
1.46274e-08
1.51428e-08
2.02624e-08
1.66641e-08
1.38746e-08
1.59825e-08
1.37279e-08
1.97665e-08
1.76285e-08
1.70895e-08
1.48497e-08
1.67766e-08
1.56538e-08
1.49046e-08
0.613199
1.66776e-08
1.40184e-08
2.15353e-08
1.97382e-08
1.11215e-08
1.90413e-08
1.6581e-08
1.76187e-08
1.19751e-08
1.49872e-08
5.88807e-08
1.54825e-08
1.50476e-08
1.8053e-08
-nan
1.68018e-08
1.39499e-08
1.3672e-08
1.74746e-08
0.596997
1.57157e-08
1.70388e-08
1.70815e-08
1.84117e-08
1.33852e-08
1.65135e-08
1.26376e-08
1.75266e-08
1.68493e-08
1.85748e-08
1.7395e-08
1.6128e-08
-nan
1.38613e-08
1.75861e-08
2.1243e-08
1.74371e-08
1.61155e-08
1.98632e-08
1.68136e-08
1.7236e-08
1.9388e-08
1.44662e-08
1.42917e-08
1.86623e-08
2.31632e-08
1.42973e-08
1.22864e-08
1.57766e-08
1.2634e-08
1.1846e-08
1.72908e-08
1.72172e-08
2.03674e-08
1.88013e-08
1.49241e-08
0.819395
1.15721e-08
1.80428e-08
1.61447e-08
1.93174e-08
1.60203e-08
1.39532e-08
1.24687e-08
1.41829e-08
1.37694e-08
1.31711e-08
1.8404e-08
1.47344e-08
1.75327e-08
1.84742e-08
1.92935e-08
1.3236e-08
1.71377e-08
2.55813e-08
1.79332e-08
1.67728e-08
1.53137e-08
1.76068e-08
1.36806e-08
1.45315e-08
1.35094e-08
1.70196e-08
1.6545e-08
1.41482e-08
1.70065e-08
1.24646e-08
1.79833e-08
1.86598e-08
1.80489e-08
1.63022e-08
1.48413e-08
2.03652e-08
1.38432e-08
1.6436e-08
1.49564e-08
1.61554e-08
1.47686e-08
