1.32911e-08
1.99563
1.59481e-08
2.2618e-08
2.0435e-08
1.5046e-08
1.66748e-08
1.89047e-08
1.54878e-08
1.62717e-08
1.57035e-08
1.52884e-08
-nan
1.54526e-08
-nan
0.445088
-nan
1.68458e-08
1.69446e-08
1.78281e-08
1.8193e-08
1.29413e-08
1.80577e-08
1.18839
1.76796e-08
2.75674e-08
0.966683
1.45176e-08
1.58046e-08
1.51248
1.64915e-08
-nan
8.04932e-08
3.61237e-08
1.83585e-08
2.45908e-08
1.44901e-08
-nan
1.74085e-08
1.5354e-08
1.58685e-08
1.67232e-08
1.84758e-08
1.56931e-08
0.710707
1.52894e-08
7.56241e-08
1.89393e-08
2.166e-08
2.0491e-08
2.03024e-07
-nan
2.21356e-08
8.76334e-08
3.26582e-08
1.61679e-08
1.47823
0.589828
1.2051
1.47528e-08
1.84116e-08
-nan
1.99347e-08
1.68543e-08
2.6572e-08
2.04736e-08
3.18575e-07
1.56403e-08
1.52086e-08
2.36238e-08
1.87663e-08
-nan
1.52684e-08
1.4472e-08
1.68924e-08
-nan
1.56401e-08
1.89805e-08
1.84604e-08
1.66388e-08
1.72975e-08
1.72281e-08
1.5124e-08
1.95037e-08
1.60726e-08
1.18053
2.89167e-08
1.94164e-08
1.00408
1.63551e-08
0.808128
1.67771e-08
0.339668
1.30777e-08
-nan
1.18981
1.62941e-08
1.37738e-08
1.51533e-08
1.47533e-08
1.99255
1.43024e-08
1.86398e-08
-nan
-nan
3.65049e-08
5.23708e-08
2.06634e-08
1.90509e-08
1.97558e-08
-nan
1.76845e-08
2.27474e-08
1.94412e-08
1.66743e-08
1.56553e-08
-nan
1.68505e-08
2.48959e-08
1.93185e-08
1.41092e-08
5.46953e-08
2.10228e-08
1.50742e-08
3.11288e-08
1.57406e-08
1.44947e-08
2.36134e-08
-nan
1.47709e-08
1.59941e-08
-nan
3.76806e-08
3.89847e-08
1.7947e-08
1.87912e-08
1.93985e-08
1.58134e-08
2.10721e-08
1.65316e-08
1.7748e-08
3.12425e-07
1.42238e-08
1.5332e-08
1.84353e-08
1.51654e-08
1.80629e-08
1.5561e-08
1.09846e-08
3.99698e-08
1.72327e-08
2.0794e-08
1.19626e-08
2.24677e-08
1.90819e-08
1.45736e-08
0.82581
1.88897e-08
1.93909e-07
1.81767e-08
3.35006e-07
1.65784e-08
1.74224e-08
-nan
1.63654e-08
1.86374e-08
2.46723e-08
1.5919e-08
1.7807e-08
1.64962e-08
1.7249e-08
-nan
1.7367e-08
2.68753e-08
0.895051
1.93531e-08
1.54067e-08
-nan
2.44199e-08
1.35228e-08
1.59652e-08
1.63326e-08
1.70697e-08
-nan
1.80782e-08
1.83025e-08
4.81356e-07
1.79501e-08
3.36841e-08
1.98268e-08
1.71453e-08
1.87722e-08
1.58689e-08
0.618607
1.27778e-08
0.595877
1.70974e-08
2.07226e-08
1.61628e-08
1.83892e-08
1.83133e-08
1.66912e-08
1.70809e-08
1.85989
2.01033e-08
3.43413e-08
2.0333e-08
-nan
-nan
1.63514e-08
1.66579e-08
1.45933e-08
1.67229e-08
-nan
1.74251e-08
1.85109e-08
1.55664e-08
1.77086e-08
1.89782e-08
1.93037e-08
0.972177
1.16675
0.343597
2.09484e-08
1.4509e-08
1.39952e-08
2.25983e-08
5.92738e-08
1.87371e-08
1.90285e-08
1.74131e-08
1.88733e-08
1.79927e-08
3.09616e-08
2.09451e-08
1.85461e-08
1.97136e-08
1.50218e-08
0.547046
1.79946e-08
1.92547e-08
1.39101e-08
4.08996e-07
1.69986e-08
-nan
-nan
1.8267e-08
4.38457e-07
-nan
1.77324e-08
2.82199e-08
1.79382e-08
1.65876e-08
1.87376e-08
2.18153e-08
1.58486e-08
1.83248e-08
1.76774e-08
-nan
1.51506e-08
1.97691e-08
1.54973e-08
1.65322e-08
1.8276e-08
1.89886e-08
1.66531e-08
3.6531e-08
1.57245e-08
1.75507e-08
1.62932e-08
1.29647e-07
1.45845e-08
1.62035e-08
1.59881e-08
1.83452e-08
1.63462e-08
1.27786e-08
1.42608e-08
2.14035e-08
-nan
1.89295e-08
1.7692e-08
2.02533e-08
1.69557e-08
1.88815e-08
-nan
5.288e-08
1.74129e-08
1.78182e-08
1.92512e-08
1.59534e-08
1.91431e-08
3.8395e-08
7.9709e-08
1.44077e-08
-nan
1.50427e-08
1.6542e-08
1.73159e-08
1.83774e-08
1.56661e-08
-nan
4.13774e-08
3.46583e-08
1.47142e-08
1.69627e-08
2.34394e-08
1.37818
1.55228e-08
2.41951e-08
7.64078e-08
2.09565e-08
0.870078
1.57129e-08
6.98043e-08
4.51096e-08
2.2016e-08
1.68059e-08
1.68414e-08
1.73559e-08
1.90451e-08
1.67079e-08
1.65966e-08
1.62356e-08
0.431359
1.70486e-08
1.67182e-08
-nan
1.72279e-08
1.57167e-08
1.7288e-08
1.57635e-08
1.6106e-08
2.23125e-08
2.49863e-08
0.851341
6.60939e-08
2.13577e-08
2.01164e-08
1.44236e-08
1.47656e-08
1.54573e-08
1.99298e-08
1.60124e-08
1.4745e-08
1.66701e-08
1.58529e-08
1.96156e-08
-nan
1.68178e-08
-nan
1.69226e-08
2.21222e-08
1.53256e-08
9.34641e-08
-nan
1.44299e-08
2.09875e-08
1.96072e-08
1.39961e-08
1.94265e-08
1.67265e-08
1.76984e-08
1.9475e-08
1.69456e-08
3.8262e-08
1.57306e-08
3.12626e-08
2.0673e-08
-nan
2.80548e-08
1.39974e-08
0.940621
0.787216
-nan
1.5621e-08
1.73721e-08
1.74856e-08
1.69819e-08
5.72874e-08
1.69226e-08
1.19676e-08
-nan
1.67503e-08
-nan
3.28646e-08
1.61261e-08
-nan
1.40482e-08
-nan
2.01713e-08
1.72619e-08
1.63526e-08
1.93107e-08
1.75067e-08
-nan
0.167624
2.003e-08
1.50237e-08
2.05735e-08
2.41221e-08
1.41971e-08
1.23794e-08
1.66291e-08
2.11502e-08
1.56855e-08
2.07101e-08
1.76567e-08
1.29835
1.85713e-08
1.5274e-08
0.819395
-nan
1.86678e-08
0.178796
-nan
1.56755
1.41394e-08
1.30559e-08
1.70695e-08
-nan
1.72956
1.76507e-08
1.55045e-08
1.76883e-08
1.83694e-08
7.03613e-07
1.51903e-08
1.76475e-08
2.48123e-08
1.66804e-08
1.75654e-08
1.64358e-08
1.74898e-08
1.76192
1.62582e-08
1.51072e-08
1.76412e-08
1.66414e-08
1.4386e-08
1.70736e-08
1.40906e-08
1.7975e-08
2.22005e-08
1.98689e-08
1.91112e-08
1.73202
2.06972e-08
1.4251e-08
1.75416e-08
1.45496e-08
1.80808e-08
-nan
