0.35901
0.0447794
0.0376436
0.0367905
1.39548e-08
1.18816e-08
1.67311e-08
0.683782
0.0497547
0.135409
0.0242738
0.160138
0.202111
1.33228e-08
0.198755
0.251228
1.10357
0.670919
0.0323338
0.187253
0.095673
1.12522e-08
0.0297395
0.424467
1.03758
0.506292
2.41439e-07
0.0961141
0.157435
0.915082
0.615314
-nan
0.00468714
0.210567
0.0186807
0.132214
0.0847709
0.146077
0.17567
0.192983
0.473628
0.126949
0.110711
0.0222166
0.024521
0.141263
0.0286844
0.523246
0.825487
0.0376354
1.32439e-08
0.32408
2.01261e-08
0.0268956
0.716883
0.140192
0.0964922
0.298278
1.37295e-08
0.122894
0.231032
1.32607e-08
0.0316414
0.330848
0.0748906
0.258791
0.0283125
0.136908
0.0126464
0.128758
1.48132e-08
1.46603e-08
0.238447
1.34644e-08
1.44378e-08
0.0664221
0.00248142
0.0447433
0.084054
0.101409
0.014957
1.35726e-08
0.446047
0.906836
0.603389
0.595475
2.94374e-08
0.482172
0.026231
0.0169097
1.52031e-08
0.00749586
0.335417
0.00421281
1.88049e-08
1.16752e-08
0.296126
0.0411075
0.0271311
0.0645322
0.0157277
0.0850586
0.186968
1.01061e-08
0.000693116
1.81604e-08
0.00598471
0.0795252
0.20904
1.94691e-08
0.0416584
0.147763
1.19613e-08
0.100873
0.169144
0.0246819
0.0198547
0.306491
0.349893
0.345417
0.00675728
0.0456032
1.95822e-08
0.409276
1.42927e-08
0.257506
0.255165
0.0655661
1.24571e-08
0.00730167
0.0424358
0.654217
1.36459e-08
0.0528441
0.179791
0.0140251
0.00953897
0.38029
0.425904
1.36337e-08
0.407271
0.128779
0.0830632
0.00496762
0.074251
1.43165e-08
0.0732737
0.0382992
0.183475
0.0339513
0.010362
0.121324
0.00844812
1.97931e-08
0.0270516
0.0347918
1.7853e-08
0.115634
0.0822108
0.0410847
0.0659216
0.0870345
0.157843
1.4506e-08
0.173005
0.542009
0.152175
0.439123
0.113054
0.404092
0.17393
2.13955e-08
0.190149
1.23493e-08
0.895051
0.161141
0.346684
-nan
0.172312
0.00301534
0.117211
0.391463
0.397594
3.76195e-08
0.219908
0.0785356
0.0616887
0.119662
1.25958e-08
0.0640849
0.12812
0.155954
0.18984
1.35201e-08
0.25158
0.0661059
0.0914067
0.108275
0.0249296
0.279594
0.0528372
0.312375
0.158266
0.00786335
1.37613e-08
2.61673e-08
0.150926
-nan
0.990678
0.456328
0.374721
1.20665e-08
0.0121329
1.50146e-08
0.158065
0.08067
0.487423
1.713e-08
1.7911e-08
0.13251
1.37045e-08
0.562437
0.0162534
0.0209611
1.13958e-08
1.36657e-08
0.275188
0.0877597
0.292084
0.236395
0.0107109
0.107395
0.24346
0.0298121
0.0164451
0.253805
1.40607e-08
0.142219
0.547046
0.316479
0.00855306
1.31442e-08
1.69979e-08
0.161662
0.0133983
-nan
0.0942539
1.30554e-08
0.926862
0.50619
0.142016
0.0844736
1.28273e-08
0.0720166
0.26589
0.00730778
0.138631
1.16627e-08
0.112918
0.247004
0.0270576
0.0687621
0.170465
0.161695
0.0457815
0.360297
1.25931e-08
1.23159e-08
0.427688
0.298023
0.0160719
0.00778957
1.35125e-08
0.385438
0.00785173
1.23891e-08
0.00930185
0.0190824
0.079378
2.87484e-08
0.195807
0.174955
0.0622893
0.143782
0.104058
0.0338661
1.26784e-08
0.312769
0.0800085
0.323836
0.139137
1.94745e-08
0.255897
0.00840971
1.36844e-08
0.754511
0.00643625
0.0565582
0.183503
0.0525736
0.552111
0.351794
1.33586e-08
1.15049e-08
1.34654e-08
0.299379
0.723651
0.16684
0.182718
0.00310649
0.0309061
0.269205
0.24797
1.54058e-08
0.184068
0.495676
1.19171e-08
0.0519342
0.110626
0.431086
0.102454
0.201633
0.00710728
0.223531
0.476118
0.0104705
1.44305e-08
1.40516e-08
0.118939
0.0303178
1.38981e-08
0.00292502
0.144093
0.0897825
0.233656
0.0398464
1.12892e-08
1.20486e-08
1.94948e-08
0.350889
0.0500788
0.141706
0.32568
0.337151
1.3611e-08
0.0975007
0.07985
0.0225343
0.205789
0.0205024
0.0059533
0.0844627
0.00733847
0.114996
1.12186
0.105627
0.0234586
2.00678e-08
0.101756
1.12295e-08
0.0675878
0.231411
0.254738
1.19158e-08
0.230759
0.0113076
0.62095
0.0853761
1.77398e-08
-nan
0.0643981
0.00581689
0.044484
0.118187
0.693304
0.2027
0.573829
0.350878
0.122806
1.34738e-08
0.37758
0.48102
0.0378873
0.683082
0.0797533
0.0336404
0.243906
0.656433
1.36934e-08
1.57432e-08
2.03782e-08
0.0891678
0.194075
2.01666e-08
0.744269
0.0584253
0.0163626
1.29326e-08
0.0641816
0.267213
0.0340049
0.101695
0.0160852
0.379773
1.24807e-08
0.103559
0.579852
0.208553
0.0325306
0.191959
0.0122391
0.819395
0.0528695
0.0244357
0.567209
0.125295
0.0150544
0.00197413
0.00777572
1.38699e-08
0.00437578
0.0153715
0.0363676
0.23185
0.0477761
1.85422e-08
0.0478366
1.31023e-08
0.419041
2.13358e-08
1.72956e-08
0.239912
0.680546
0.466718
0.00501471
1.39774e-08
1.34544e-08
0.0787254
0.156783
0.208016
0.0568807
1.27898e-08
0.0475742
1.64896e-08
0.0873068
1.63203e-08
0.0533785
0.0913717
0.143993
0.178522
0.291758
0.116003
1.44756e-08
